1||postpaid|||||358405552011||2013-03-28 21:50:00 000|10485960|600|2013-03-28 21:56:00 000||||||||||||||||||||||||||||||||||||||||||||||||||||||||||||||||||||||||||||||||||||||||||||||||||||||||||||||||||||||||||||||||||||||||||||||||||||||||||||||||||||||||||||||||||||||||||||||||||||||||||||||||||||||||||||||||||||||||||||||||||||||||||||||||||||||||||||||||||||||||||0|20000000|100|20971520|600|0|849996.0
2||postpaid|||||358405552012||2013-03-28 21:50:00 000|10485760|10485760|2013-03-28 21:56:00 000||||||||||||||||||||||||||||||||||||||||||||||||||||||||||||||||||||||||||||||||||||||||||||||||||||||||||||||||||||||||||||||||||||||||||||||||||||||||||||||||||||||||||||||||||||||||||||||||||||||||||||||||||||||||||||||||||||||||||||||||||||||||||||||||||||||||||||||||||||||||||0|10000000|0|10485760|10485760|0|499999.0
3||postpaid|||||358405552011||2013-03-28 21:50:00 000|10485960|600|2013-03-28 21:56:00 000||||||||||||||||||||||||||||||||||||||||||||||||||||||||||||||||||||||||||||||||||||||||||||||||||||||||||||||||||||||||||||||||||||||||||||||||||||||||||||||||||||||||||||||||||||||||||||||||||||||||||||||||||||||||||||||||||||||||||||||||||||||||||||||||||||||||||||||||||||||||||0|50000000|200|52428800|600|0|1799994.0
4||postpaid|||||358405552012||2013-03-28 21:50:00 000|10485760|10485760|2013-03-28 21:56:00 000||||||||||||||||||||||||||||||||||||||||||||||||||||||||||||||||||||||||||||||||||||||||||||||||||||||||||||||||||||||||||||||||||||||||||||||||||||||||||||||||||||||||||||||||||||||||||||||||||||||||||||||||||||||||||||||||||||||||||||||||||||||||||||||||||||||||||||||||||||||||||0|10000000|0|10485760|10485760|0|499999.0
5||postpaid|||||358405552011||2013-03-28 21:50:00 000|10485960|600|2013-03-28 21:56:00 000||||||||||||||||||||||||||||||||||||||||||||||||||||||||||||||||||||||||||||||||||||||||||||||||||||||||||||||||||||||||||||||||||||||||||||||||||||||||||||||||||||||||||||||||||||||||||||||||||||||||||||||||||||||||||||||||||||||||||||||||||||||||||||||||||||||||||||||||||||||||||0|300000000|300|314572800|600|0|4499991.0
6||postpaid|||||358405552012||2013-03-28 21:50:00 000|10485760|10485760|2013-03-28 21:56:00 000||||||||||||||||||||||||||||||||||||||||||||||||||||||||||||||||||||||||||||||||||||||||||||||||||||||||||||||||||||||||||||||||||||||||||||||||||||||||||||||||||||||||||||||||||||||||||||||||||||||||||||||||||||||||||||||||||||||||||||||||||||||||||||||||||||||||||||||||||||||||||0|10000000|0|10485760|10485760|0|499999.0
7||postpaid|||||358405552011||2013-03-28 21:50:00 000|10485960|600|2013-03-28 21:56:00 000||||||||||||||||||||||||||||||||||||||||||||||||||||||||||||||||||||||||||||||||||||||||||||||||||||||||||||||||||||||||||||||||||||||||||||||||||||||||||||||||||||||||||||||||||||||||||||||||||||||||||||||||||||||||||||||||||||||||||||||||||||||||||||||||||||||||||||||||||||||||||1|10000000|10485360|10485960|400|0|19.0
8||postpaid|||||358405552011||2013-03-28 21:50:00 000|10485960|600|2013-03-28 21:56:00 000||||||||||||||||||||||||||||||||||||||||||||||||||||||||||||||||||||||||||||||||||||||||||||||||||||||||||||||||||||||||||||||||||||||||||||||||||||||||||||||||||||||||||||||||||||||||||||||||||||||||||||||||||||||||||||||||||||||||||||||||||||||||||||||||||||||||||||||||||||||||||1|10000000|10485760|10485960|0|200|9.0
9||postpaid|||||358405552012||2013-03-28 21:50:00 000|10485760|10485760|2013-03-28 21:56:00 000||||||||||||||||||||||||||||||||||||||||||||||||||||||||||||||||||||||||||||||||||||||||||||||||||||||||||||||||||||||||||||||||||||||||||||||||||||||||||||||||||||||||||||||||||||||||||||||||||||||||||||||||||||||||||||||||||||||||||||||||||||||||||||||||||||||||||||||||||||||||||0|100000000|0|400|10485760|0|11.0
10||postpaid|||||358405552011||2013-03-28 21:50:00 000|10485960|600|2013-03-28 21:56:00 000||||||||||||||||||||||||||||||||||||||||||||||||||||||||||||||||||||||||||||||||||||||||||||||||||||||||||||||||||||||||||||||||||||||||||||||||||||||||||||||||||||||||||||||||||||||||||||||||||||||||||||||||||||||||||||||||||||||||||||||||||||||||||||||||||||||||||||||||||||||||||1|10000000|10485360|10485960|400|0|19.0
11||postpaid|||||358405552011||2013-03-28 21:50:00 000|10485960|600|2013-03-28 21:56:00 000||||||||||||||||||||||||||||||||||||||||||||||||||||||||||||||||||||||||||||||||||||||||||||||||||||||||||||||||||||||||||||||||||||||||||||||||||||||||||||||||||||||||||||||||||||||||||||||||||||||||||||||||||||||||||||||||||||||||||||||||||||||||||||||||||||||||||||||||||||||||||1|10000000|10485760|10485960|0|200|9.0
12||postpaid|||||358405552012||2013-03-28 21:50:00 000|10485760|10485760|2013-03-28 21:56:00 000||||||||||||||||||||||||||||||||||||||||||||||||||||||||||||||||||||||||||||||||||||||||||||||||||||||||||||||||||||||||||||||||||||||||||||||||||||||||||||||||||||||||||||||||||||||||||||||||||||||||||||||||||||||||||||||||||||||||||||||||||||||||||||||||||||||||||||||||||||||||||0|10000000|0|10485760|10485760|0|499999.0
